2.9402
7.0598
0.29402
0.70598
34.01129
24.01129
0.1914564
5.223122
0.6117363
4.9
5.1
0.49
0.51
71.42857
36.42857
0.06919818
14.45125
0.6021805
6.6923
3.3077
0.66923
0.33077
107.5863
35.58633
0.04225212
23.66745
0.5993206
7.9455
2.0545
0.79455
0.20545
135.926
27.926
0.02623939
38.11064
0.5981506
8.5262
1.4738
0.85262
0.14738
159.5083
23.50834
0.01668364
59.93897
0.5974959
8.7885
1.2115
0.87885
0.12115
182.0561
22.0561
0.0111297
89.84971
0.5970294
9.106
0.894
0.9106
0.0894
200.9664
17.9664
0.01115636
89.63494
0.5967192
9.4504
0.5496
0.94504
0.05496
212.6894
11.68941
0.008813939
113.4566
0.5965548
9.4318
0.5682
0.94318
0.05682
225.8318
12.83176
0.007580606
131.9156
0.5963909
9.4564
0.5436
0.94564
0.05436
238.9916
12.99158
0.005320606
187.9485
0.5962448
9.62
0.38
0.962
0.038
248.4407
9.440748
0.006247273
160.0698
0.5961496
